  time (s)              T(t) (K)              P(t) (Pa)           Kinetic En. (n.u.)     Potential En. (n.u.) Total En. (n.u.)
  0.000000000000e+00  99.823714105267  0.000000000000 2276.145069855122  -21171.015605797271  -18894.870535942147 
  5.000000000000e-15  99.438142953137  0.000000000000 2267.353412633537  -21153.429461063137  -18886.076048429601 
  1.000000000000e-14  98.798633798707  0.000000000000 2252.771550778073  -21124.260999189006  -18871.489448410932 
  1.500000000000e-14  97.907951790420  0.000000000000 2232.462534226824  -21083.635747359614  -18851.173213132792 
  2.000000000000e-14  96.770162068384  0.000000000000 2206.519054868663  -21031.738293073628  -18825.219238204965 
  2.500000000000e-14  95.390877274432  0.000000000000 2175.069090180218  -20968.823580418681  -18793.754490238462 
  3.000000000000e-14  93.777570268239  0.000000000000 2138.283033668290  -20895.231189026348  -18756.948155358059 
  3.500000000000e-14  91.939944964421  0.000000000000 2096.382150566344  -20811.402278025707  -18715.020127459364 
  4.000000000000e-14  89.890353301431  0.000000000000 2049.648085412124  -20717.898654900793  -18668.250569488671 
  4.500000000000e-14  87.644239409034  0.000000000000 1998.432989797451  -20615.423112927667  -18616.990123130217 
  5.000000000000e-14  85.220582953796  0.000000000000 1943.169631375473  -20504.839765743141  -18561.670134367669 
  5.500000000000e-14  82.642302715785  0.000000000000 1884.380596074054  -20387.192606621185  -18502.812010547132 
  6.000000000000e-14  79.936569652276  0.000000000000 1822.685426463796  -20263.719976255667  -18441.034549791872 
  6.500000000000e-14  77.134967925533  0.000000000000 1758.804293456682  -20135.862122197861  -18377.057828741177 
  7.000000000000e-14  74.273435559025  0.000000000000 1693.556643169990  -20005.258710087928  -18311.702066917940 
  7.500000000000e-14  71.391917367430  0.000000000000 1627.853283158959  -19873.733178314615  -18245.879895155656 
  8.000000000000e-14  68.533675584951  0.000000000000 1562.680663607029  -19743.261400463522  -18180.580736856493 
  8.500000000000e-14  65.744231046148  0.000000000000 1499.076734505227  -19615.923369699227  -18116.846635194001 
  9.000000000000e-14  63.069949797392  0.000000000000 1438.098718065741  -19493.838549142558  -18055.739831076819 
  9.500000000000e-14  60.556342127094  0.000000000000 1380.784323810010  -19379.087937987199  -17998.303614177188 
  1.000000000000e-13  58.246193889568  0.000000000000 1328.109139675579  -19273.628355351659  -17945.519215676079 
  1.050000000000e-13  56.177691234614  0.000000000000 1280.943872762231  -19179.206363488131  -17898.262490725901 
  1.100000000000e-13  54.382717615915  0.000000000000 1240.015518319191  -19097.280084764483  -17857.264566445290 
  1.150000000000e-13  52.885489476131  0.000000000000 1205.876251118362  -19028.956593736340  -17823.080342617977 
  1.200000000000e-13  51.701655675407  0.000000000000 1178.882890941414  -18974.950650035993  -17796.067759094578 
  1.250000000000e-13  50.837924979420  0.000000000000 1159.188408693625  -18935.567721015075  -17776.379312321449 
  1.300000000000e-13  50.292219864818  0.000000000000 1146.745433421385  -18910.711186014098  -17763.965752592714 
  1.350000000000e-13  50.054297337399  0.000000000000 1141.320407988821  -18899.910959443729  -17758.590551454909 
  1.400000000000e-13  50.106737720941  0.000000000000 1142.516135091656  -18902.368948838477  -17759.852813746820 
  1.450000000000e-13  50.426183609357  0.000000000000 1149.800027406427  -18917.015916528981  -17767.215889122555 
  1.500000000000e-13  50.984711174286  0.000000000000 1162.535375661967  -18942.574331330590  -17780.038955668624 
  1.550000000000e-13  51.751229485520  0.000000000000 1180.013255449421  -18977.622430166568  -17797.609174717145 
  1.600000000000e-13  52.692824398382  0.000000000000 1201.483170067615  -19020.655678746392  -17819.172508678777 
  1.650000000000e-13  53.775986732665  0.000000000000 1226.181055025412  -19070.142887964928  -17843.961832939516 
  1.700000000000e-13  54.967686317827  0.000000000000 1253.353768040810  -19124.575245060529  -17871.221477019717 
  1.750000000000e-13  56.236271984712  0.000000000000 1282.279610334413  -19182.507364495490  -17900.227754161078 
  1.800000000000e-13  57.552191962555  0.000000000000 1312.284752867301  -19242.590118790860  -17930.305365923559 
  1.850000000000e-13  58.888539447338  0.000000000000 1342.755676198144  -19303.595477638628  -17960.839801440485 
  1.900000000000e-13  60.221434889389  0.000000000000 1373.147887269937  -19364.433890325756  -17991.286003055819 
  1.950000000000e-13  61.530260576813  0.000000000000 1402.991268298490  -19424.164927626385  -18021.173659327895 
  2.000000000000e-13  62.797765179284  0.000000000000 1431.892460543158  -19482.001992210342  -18050.109531667185 
  2.050000000000e-13  64.010056784805  0.000000000000 1459.534705533392  -19537.311944471989  -18077.777238938597 
  2.100000000000e-13  65.156503154437  0.000000000000 1485.675570712380  -19589.610498474256  -18103.934927761875 
  2.150000000000e-13  66.229557765285  0.000000000000 1510.142982930599  -19638.554235269701  -18128.411252339101 
  2.200000000000e-13  67.224529828694  0.000000000000 1532.829984482001  -19683.930063576314  -18151.100079094311 
  2.250000000000e-13  68.139315814597  0.000000000000 1553.688611416974  -19725.642928371592  -18171.954316954616 
  2.300000000000e-13  68.974108944765  0.000000000000 1572.723269510102  -19763.702519795566  -18190.979250285465 
  2.350000000000e-13  69.731101472485  0.000000000000 1589.983945746513  -19798.209660205001  -18208.225714458487 
  2.400000000000e-13  70.414192209573  0.000000000000 1605.559539456115  -19829.342940003447  -18223.783400547334 
  2.450000000000e-13  71.028708639229  0.000000000000 1619.571526029080  -19857.346030254936  -18237.774504225858 
  2.500000000000e-13  71.581149143276  0.000000000000 1632.168079272424  -19882.515925648357  -18250.347846375931 
  2.550000000000e-13  72.078946646382  0.000000000000 1643.518682108992  -19905.192177053588  -18261.673494944596 
  2.600000000000e-13  72.530250844680  0.000000000000 1653.809161031454  -19925.746982085831  -18271.937821054376 
  2.650000000000e-13  72.943722860335  0.000000000000 1663.237003888152  -19944.575847859764  -18281.338843971611 
  2.700000000000e-13  73.328334446714  0.000000000000 1672.006781430408  -19962.088459603314  -18290.081678172905 
  2.750000000000e-13  73.693164405972  0.000000000000 1680.325505298215  -19978.699412602309  -18298.373907304092 
  2.800000000000e-13  74.047187883653  0.000000000000 1688.397823590099  -19994.818603036183  -18306.420779446085 
  2.850000000000e-13  74.399059240778  0.000000000000 1696.421069989244  -20010.841306566024  -18314.420236576781 
  2.900000000000e-13  74.756895168057  0.000000000000 1704.580318410243  -20027.138250430638  -18322.557932020394 
  2.950000000000e-13  75.128070041376  0.000000000000 1713.043716767352  -20044.046233294852  -18331.002516527500 
  3.000000000000e-13  75.519038647001  0.000000000000 1721.958444817093  -20061.859993329432  -18339.901548512338 
  3.050000000000e-13  75.935201244948  0.000000000000 1731.447637380836  -20080.826018395634  -18349.378381014798 
  3.100000000000e-13  76.380822278036  0.000000000000 1741.608530777557  -20101.138822931665  -18359.530292154108 
  3.150000000000e-13  76.859007608203  0.000000000000 1752.511943774088  -20122.939918407916  -18370.427974633829 
  3.200000000000e-13  77.371737392401  0.000000000000 1764.203027209813  -20146.319344682317  -18382.116317472504 
  3.250000000000e-13  77.919944244589  0.000000000000 1776.703046218857  -20171.319284607231  -18394.616238388375 
  3.300000000000e-13  78.503620616321  0.000000000000 1790.011828684191  -20197.939020457678  -18407.927191773488 
  3.350000000000e-13  79.121936408983  0.000000000000 1804.110446990432  -20226.140355751042  -18422.029908760611 
  3.400000000000e-13  79.773348343661  0.000000000000 1818.963711836871  -20255.852648479184  -18436.888936642314 
  3.450000000000e-13  80.455686822814  0.000000000000 1834.522152826745  -20286.976794212726  -18452.454641385979 
  3.500000000000e-13  81.166213668727  0.000000000000 1850.723334998954  -20319.387849526218  -18468.664514527263 
  3.550000000000e-13  81.901654116497  0.000000000000 1867.492588320853  -20352.936448761859  -18485.443860441006 
  3.600000000000e-13  82.658216565730  0.000000000000 1884.743458059501  -20387.449638741222  -18502.706180681722 
  3.650000000000e-13  83.431620778774  0.000000000000 1902.378347747837  -20422.732093645063  -18520.353745897228 
  3.700000000000e-13  84.217156499744  0.000000000000 1920.289855794849  -20458.568735735742  -18538.278879940892 
  3.750000000000e-13  85.009788483136  0.000000000000 1938.363170311124  -20494.729510696543  -18556.366340385419 
  3.800000000000e-13  85.804311960129  0.000000000000 1956.479613996396  -20530.976508379816  -18574.496894383421 
  3.850000000000e-13  86.595548449643  0.000000000000 1974.521108954182  -20567.072960023874  -18592.551851069693 
  3.900000000000e-13  87.378560301209  0.000000000000 1992.375068622522  -20602.793106070767  -18610.418037448246 
  3.950000000000e-13  88.148856980540  0.000000000000 2009.939101424757  -20637.931681086779  -18627.992579662023 
  4.000000000000e-13  88.902567743987  0.000000000000 2027.124948031381  -20672.311843086678  -18645.186895055296 
  4.050000000000e-13  89.636562237126  0.000000000000 2043.861231206514  -20705.790699065252  -18661.929467858739 
  4.100000000000e-13  90.348509630749  0.000000000000 2060.094804205826  -20738.262001538023  -18678.167197332197 
  4.150000000000e-13  91.036875425833  0.000000000000 2075.790677924626  -20769.655983451867  -18693.865305527241 
  4.200000000000e-13  91.700861599208  0.000000000000 2090.930656120439  -20799.936596745185  -18709.005940624746 
  4.250000000000e-13  92.340300299832  0.000000000000 2105.510911513121  -20829.096623834022  -18723.585712320903 
  4.300000000000e-13  92.955514561987  0.000000000000 2119.538809816241  -20857.151277636847  -18737.612467820607 
  4.350000000000e-13  93.547162071589  0.000000000000 2133.029347351749  -20884.131023181602  -18751.101675829854 
  4.400000000000e-13  94.116079773457  0.000000000000 2146.001607839838  -20910.074436897390  -18764.072829057553 
  4.450000000000e-13  94.663147158864  0.000000000000 2158.475645129801  -20935.021925699963  -18776.546280570161 
  4.500000000000e-13  95.189183385269  0.000000000000 2170.470137360727  -20959.011006853529  -18788.540869492801 
  4.550000000000e-13  95.694887649935  0.000000000000 2182.001027381615  -20982.073584974343  -18800.072557592728 
  4.600000000000e-13  96.180824494784  0.000000000000 2193.081187677954  -21004.235302297431  -18811.154114619476 
  4.650000000000e-13  96.647448115316  0.000000000000 2203.720974655147  -21025.516683846054  -18821.795709190908 
  4.700000000000e-13  97.095154543711  0.000000000000 2213.929418499056  -21045.935558029232  -18832.006139530175 
  4.750000000000e-13  97.524348938589  0.000000000000 2223.715757493421  -21065.510160425682  -18841.794402932261 
  4.800000000000e-13  97.935516627995  0.000000000000 2233.091057916923  -21084.262399073552  -18851.171341156631 
  4.850000000000e-13  98.329289269020  0.000000000000 2242.069722591393  -21102.220889834665  -18860.151167243272 
  4.900000000000e-13  98.706499653409  0.000000000000 2250.670740540092  -21119.423472078961  -18868.752731538869 
  4.950000000000e-13  99.068219409162  0.000000000000 2258.918546646153  -21135.918946200847  -18877.000399554694 
  5.000000000000e-13  99.415773564619  0.000000000000 2266.843353737754  -21151.767756755864  -18884.924403018111 
  5.050000000000e-13  99.750726003697  0.000000000000 2274.480820943581  -21167.041343177381  -18892.560522233802 
  5.100000000000e-13  100.074831623877  0.000000000000 2281.870962816150  -21181.819959266690  -18899.948996450541 
  5.150000000000e-13  100.389955094158  0.000000000000 2289.056296879364  -21196.188951017601  -18907.132654138237 
  5.200000000000e-13  100.697961910724  0.000000000000 2296.079359518259  -21210.233751947209  -18914.154392428951 
  5.250000000000e-13  101.000593375367  0.000000000000 2302.979855281258  -21224.034132227331  -18921.054276946074 
  5.300000000000e-13  101.299341160228  0.000000000000 2309.791796749634  -21237.658427507660  -18927.866630758028 
  5.350000000000e-13  101.595337578629  101401096.229991659522 2316.541002531810  -21251.158496541775  -18934.617494009966 
  5.400000000000e-13  101.883906257400  0.000000000000 2323.120843618539  -21264.321021812542  -18941.200178194005 
  5.450000000000e-13  102.170529626933  0.000000000000 2329.656328451133  -21277.396200744726  -18947.739872293594 
  5.500000000000e-13  102.454979402355  0.000000000000 2336.142251758548  -21290.373590979641  -18954.231339221093 
  5.550000000000e-13  102.736530640019  0.000000000000 2342.562083631818  -21303.220064771649  -18960.657981139833 
  5.600000000000e-13  103.013980374452  0.000000000000 2348.888394477113  -21315.880666341967  -18966.992271864856 
  5.650000000000e-13  103.285680176959  0.000000000000 2355.083597405581  -21328.280075498675  -18973.196478093094 
  5.700000000000e-13  103.549589015427  87028009.839335873723 2361.101153523940  -21340.324976727345  -18979.223823203403 
  5.750000000000e-13  103.803484024669  45559141.343975543976 2366.890377845288  -21351.913705811941  -18985.023327966654 
  5.800000000000e-13  104.046330704197  0.000000000000 2372.427682054942  -21362.998518305201  -18990.570836250259 
  5.850000000000e-13  104.273723005202  0.000000000000 2377.612600984236  -21373.377859875778  -18995.765258891541 
  5.900000000000e-13  104.483297850221  0.000000000000 2382.391252575496  -21382.943319117036  -19000.552066541539 
  5.950000000000e-13  104.673101654107  95923951.402044087648 2386.719091870268  -21391.605225848198  -19004.886133977929 
  6.000000000000e-13  104.837869546388  0.000000000000 2390.476071151663  -21399.123045456043  -19008.646974304378 
  6.050000000000e-13  104.980811616561  59527436.496934413910 2393.735385746559  -21405.643041922154  -19011.907656175594 
  6.100000000000e-13  105.103514929223  0.000000000000 2396.533223341306  -21411.237766851526  -19014.704543510219 
  6.150000000000e-13  105.205417886698  92106117.656404390931 2398.856778584066  -21415.881973568932  -19017.025194984868 
  6.200000000000e-13  105.289960034560  0.000000000000 2400.784478778110  -21419.733254979175  -19018.948776201065 
  6.250000000000e-13  105.356969941009  153132729.434027284384 2402.312414996086  -21422.784466823861  -19020.472051827775 
  6.300000000000e-13  105.413182636794  0.000000000000 2403.594157030240  -21425.343564973111  -19021.749407942872 
  6.350000000000e-13  105.455711188023  62238938.201492160559 2404.563878033673  -21427.279612936574  -19022.715734902900 
  6.400000000000e-13  105.488447028974  0.000000000000 2405.310309116262  -21428.770661172632  -19023.460352056369 
  6.450000000000e-13  105.510234443924  0.000000000000 2405.807098056334  -21429.764360635640  -19023.957262579304 
  6.500000000000e-13  105.521535337351  0.000000000000 2406.064777036613  -21430.281906875847  -19024.217129839235 
  6.550000000000e-13  105.522145014792  0.000000000000 2406.078678686273  -21430.313843064687  -19024.235164378413 
  6.600000000000e-13  105.511241301954  0.000000000000 2405.830056077480  -21429.822296707371  -19023.992240629890 
  6.650000000000e-13  105.487517579964  95167637.741526946425 2405.289116148228  -21428.747063322171  -19023.457947173942 
  6.700000000000e-13  105.452151400577  67643470.991675540805 2404.482709017703  -21427.141227143115  -19022.658518125412 
  6.750000000000e-13  105.403322129562  70445241.907301098108 2403.369321227219  -21424.920726312812  -19021.551405085593 
  6.800000000000e-13  105.339084042792  60959752.861518777907 2401.904587062503  -21421.995984153233  -19020.091397090731 
  6.850000000000e-13  105.258252578959  52159284.643756426871 2400.061496575021  -21418.312365589703  -19018.250869014682 
  6.900000000000e-13  105.159944005550  66003244.838956296444 2397.819899208156  -21413.829232266326  -19016.009333058169 
  6.950000000000e-13  105.045864163727  0.000000000000 2395.218690949547  -21408.624659727444  -19013.405968777897 
  7.000000000000e-13  104.915359182763  0.000000000000 2392.242962469834  -21402.669620922330  -19010.426658452496 
  7.050000000000e-13  104.770350299454  42867813.520599097013 2388.936521131865  -21396.052905903485  -19007.116384771620 
  7.100000000000e-13  104.614247257384  220264525.025467991829 2385.377114704426  -21388.931242052360  -19003.554127347936 
  7.150000000000e-13  104.453322314753  60162925.850740619004 2381.707761003544  -21381.591582670819  -18999.883821667274 
  7.200000000000e-13  104.284584025582  199557026.889826595783 2377.860250134659  -21373.897698754459  -18996.037448619802 
  7.250000000000e-13  104.111617514393  0.000000000000 2373.916328840805  -21366.012693702207  -18992.096364861402 
  7.300000000000e-13  103.928581498028  0.000000000000 2369.742806246612  -21357.668954277462  -18987.926148030849 
  7.350000000000e-13  103.735211623573  47018748.268213748932 2365.333654670291  -21348.853202308204  -18983.519547637912 
  7.400000000000e-13  103.529640373272  23984076.468866016716 2360.646291631672  -21339.479217205582  -18978.832925573912 
  7.450000000000e-13  103.315049434455  70772032.291828989983 2355.753264841358  -21329.691445969122  -18973.938181127764 
  7.500000000000e-13  103.094972205254  0.000000000000 2350.735141595577  -21319.650920177599  -18968.915778582021 
  7.550000000000e-13  102.868028799665  0.000000000000 2345.560458221005  -21309.294922489818  -18963.734464268811 
  7.600000000000e-13  102.637123792916  20118005.939134679735 2340.295443816088  -21298.756462182704  -18958.461018366615 
  7.650000000000e-13  102.406660309478  105330712.568837642670 2335.040496869764  -21288.237054850619  -18953.196557980857 
  7.700000000000e-13  102.184394291137  49843886.296430416405 2329.972465627112  -21278.091227218858  -18948.118761591744 
  7.750000000000e-13  101.969915602883  62382070.570885136724 2325.081998334494  -21268.300998928386  -18943.219000593890 
  7.800000000000e-13  101.768632485574  86160139.917978510261 2320.492411789712  -21259.113730149998  -18938.621318360289 
  7.850000000000e-13  101.581021373538  25672356.772433802485 2316.214569480016  -21250.551908698781  -18934.337339218764 
  7.900000000000e-13  101.411003306125  0.000000000000 2312.337877559686  -21242.794665470548  -18930.456787910862 
  7.950000000000e-13  101.259578478280  0.000000000000 2308.885142120613  -21235.887868694535  -18927.002726573923 
  8.000000000000e-13  101.127825704309  0.000000000000 2305.880961905493  -21229.880745832364  -18923.999783926873 
  8.050000000000e-13  101.015948385096  26918818.888566020876 2303.329974789489  -21224.782381106699  -18921.452406317210 
  8.100000000000e-13  100.924560654027  61285962.819798015058 2301.246184025113  -21220.620414851895  -18919.374230826783 
  8.150000000000e-13  100.846846893616  307729707.394762277603 2299.474182309842  -21217.084032989620  -18917.609850679779 
  8.200000000000e-13  100.788037588239  46192971.664296045899 2298.133233300910  -21214.410823988823  -18916.277590687911 
  8.250000000000e-13  100.740769441461  35642373.603445678949 2297.055441713876  -21212.263907730008  -18915.208466016134 
  8.300000000000e-13  100.701030652296  57026163.584118530154 2296.149331879641  -21210.459936914653  -18914.310605035011 
  8.350000000000e-13  100.669036638699  144755151.856047272682 2295.419815682350  -21209.007900345092  -18913.588084662741 
  8.400000000000e-13  100.642878649626  0.000000000000 2294.823370454894  -21207.820205638956  -18912.996835184062 
  8.450000000000e-13  100.619753207700  0.000000000000 2294.296072296340  -21206.768508258221  -18912.472435961881 
  8.500000000000e-13  100.599051784965  0.000000000000 2293.824045767165  -21205.824932891777  -18912.000887124610 
  8.550000000000e-13  100.580902445736  0.000000000000 2293.410210944692  -21204.995505410865  -18911.585294466175 
  8.600000000000e-13  100.566104861773  130312227.208661079407 2293.072801661870  -21204.317166004250  -18911.244364342379 
  8.650000000000e-13  100.559508775598  90462458.613651052117 2292.922400034740  -21204.011832799042  -18911.089432764304 
  8.700000000000e-13  100.558913700586  68305686.757481649518 2292.908831344519  -21203.979917044639  -18911.071085700121 
  8.750000000000e-13  100.568319721719  174988472.045708984137 2293.123304116048  -21204.404443634765  -18911.281139518716 
  8.800000000000e-13  100.594880277501  62966553.028872542083 2293.728928527427  -21205.612220666611  -18911.883292139184 
  8.850000000000e-13  100.630293177485  0.000000000000 2294.536400964514  -21207.225121599127  -18912.688720634615 
  8.900000000000e-13  100.676212347310  32511464.869533285499 2295.583433655544  -21209.318632429316  -18913.735198773771 
  8.950000000000e-13  100.733339479946  30002547.277395173907 2296.886026355789  -21211.924831458939  -18915.038805103151 
  9.000000000000e-13  100.800961714380  95876979.458545982838 2298.427924660192  -21215.011207069438  -18916.583282409247 
  9.050000000000e-13  100.879497283782  70359203.935708016157 2300.218664973817  -21218.596746858915  -18918.378081885097 
  9.100000000000e-13  100.966560140623  37567655.560809470713 2302.203841483637  -21222.572453015287  -18920.368611531652 
  9.150000000000e-13  101.058163307423  121543788.708651214838 2304.292544537454  -21226.756241395655  -18922.463696858202 
  9.200000000000e-13  101.155038669758  41979663.486950360239 2306.501462331651  -21231.181286508421  -18924.679824176772 
  9.250000000000e-13  101.251926051520  67322686.858357936144 2308.710654188576  -21235.607302110213  -18926.896647921636 
  9.300000000000e-13  101.346056623024  66953642.446305513382 2310.856986231739  -21239.907652105881  -18929.050665874143 
  9.350000000000e-13  101.431995560514  0.000000000000 2312.816535529512  -21243.834138531263  -18931.017603001750 
  9.400000000000e-13  101.508030046723  0.000000000000 2314.550247027574  -21247.308145430157  -18932.757898402582 
  9.450000000000e-13  101.571641396944  0.000000000000 2316.000690566867  -21250.214397848707  -18934.213707281840 
  9.500000000000e-13  101.620753425681  130880941.189381286502 2317.120525699040  -21252.457850358773  -18935.337324659733 
  9.550000000000e-13  101.657869263373  149292845.810839623213 2317.966827920255  -21254.152532621778  -18936.185704701522 
  9.600000000000e-13  101.670074989333  51777209.083487041295 2318.245138572352  -21254.709533537738  -18936.464394965387 
  9.650000000000e-13  101.657610609429  82018245.844307169318 2317.960930184389  -21254.138921836096  -18936.177991651708 
  9.700000000000e-13  101.633611870229  34973576.868913054466 2317.413719409849  -21253.040628766405  -18935.626909356557 
  9.750000000000e-13  101.597327263740  97336271.211404591799 2316.586370628936  -21251.380592680060  -18934.794222051125 
  9.800000000000e-13  101.551045758387  77996694.098964586854 2315.531076091158  -21249.263523112313  -18933.732447021153 
  9.850000000000e-13  101.494738249689  0.000000000000 2314.247172166460  -21246.688146665689  -18932.440974499230 
  9.900000000000e-13  101.432272864530  57789145.552784539759 2312.822858517738  -21243.831741831524  -18931.008883313785 
  9.950000000000e-13  101.368785786282  0.000000000000 2311.375248584064  -21240.929100044967  -18929.553851460903 
  1.000000000000e-12  101.304584737616  46581091.605191491544 2309.911358949135  -21237.994741451526  -18928.083382502391 
