  time (s)              T(t) (K)              P(t) (Pa)           Kinetic En. (n.u.)     Potential En. (n.u.) Total En. (n.u.)
  0.000000000000e+00  99.683935201555  0.000000000000 5261.476575612522  -45644.502929824892  -40383.026354212372 
  5.000000000000e-15  98.824334077087  0.000000000000 5216.105461685181  -45553.665735069000  -40337.560273383817 
  1.000000000000e-14  97.416572223957  0.000000000000 5141.801553043238  -45404.906722544809  -40263.105169501570 
  1.500000000000e-14  95.485449034754  0.000000000000 5039.873801053223  -45200.840443161840  -40160.966642108615 
  2.000000000000e-14  93.065562627534  0.000000000000 4912.148349389520  -44945.115037174321  -40032.966687784799 
  2.500000000000e-14  90.201760241349  0.000000000000 4760.992306626669  -44642.460528070937  -39881.468221444266 
  3.000000000000e-14  86.949557596925  0.000000000000 4589.335880762422  -44298.734081049486  -39709.398200287062 
  3.500000000000e-14  83.375387960629  0.000000000000 4400.685525210037  -43920.947514820655  -39520.261989610619 
  4.000000000000e-14  79.556511505772  0.000000000000 4199.119154743594  -43517.259121537456  -39318.139966793860 
  4.500000000000e-14  75.580395351313  0.000000000000 3989.253422955424  -43096.909637967809  -39107.656215012386 
  5.000000000000e-14  71.543374999667  0.000000000000 3776.173070815306  -42670.082152819959  -38893.909082004655 
  5.500000000000e-14  67.548441234632  0.000000000000 3565.314115625064  -42247.669169555578  -38682.355053930514 
  6.000000000000e-14  63.702073511631  0.000000000000 3362.296712320869  -41840.938136439217  -38478.641424118352 
  6.500000000000e-14  60.110164583561  0.000000000000 3172.710048747000  -41461.099883424817  -38288.389834677815 
  7.000000000000e-14  56.873240877020  0.000000000000 3001.860069514390  -41118.801472065446  -38116.941402551056 
  7.500000000000e-14  54.081351025327  0.000000000000 2854.499684647263  -40823.583000326427  -37969.083315679163 
  8.000000000000e-14  51.809129070427  0.000000000000 2734.568197531258  -40583.352396748167  -37848.784199216912 
  8.500000000000e-14  50.111595196687  0.000000000000 2644.969660967334  -40403.938411649673  -37758.968750682339 
  9.000000000000e-14  49.021206778574  0.000000000000 2587.417226779985  -40288.776723245064  -37701.359496465077 
  9.500000000000e-14  48.546517227733  0.000000000000 2562.362357633939  -40238.767426002363  -37676.405068368425 
  1.000000000000e-13  48.672573741166  0.000000000000 2569.015820815240  -40252.317850530075  -37683.302029714832 
  1.050000000000e-13  49.362942985210  0.000000000000 2605.454607052138  -40325.558689269958  -37720.104082217818 
  1.100000000000e-13  50.563052027095  0.000000000000 2668.798270193964  -40452.699831010352  -37783.901560816390 
  1.150000000000e-13  52.204408149818  0.000000000000 2755.431655748843  -40626.479183001597  -37871.047527252755 
  1.200000000000e-13  54.209226244546  0.000000000000 2861.249142011303  -40838.654180959733  -37977.405038948433 
  1.250000000000e-13  56.495033086548  0.000000000000 2981.897661065574  -41080.490179852139  -38098.592518786565 
  1.300000000000e-13  58.978907325701  0.000000000000 3113.000492225350  -41343.209583668111  -38230.209091442761 
  1.350000000000e-13  61.581123659373  0.000000000000 3250.349607271867  -41618.377313135905  -38368.027705864035 
  1.400000000000e-13  64.228076265547  0.000000000000 3390.059973901978  -41898.209563427357  -38508.149589525383 
  1.450000000000e-13  66.854445844248  0.000000000000 3528.683935619567  -42175.802264503800  -38647.118328884229 
  1.500000000000e-13  69.404640586423  0.000000000000 3663.287268363904  -42445.282614798845  -38781.995346434938 
  1.550000000000e-13  71.833584121278  0.000000000000 3791.490769623018  -42701.891541291552  -38910.400771668530 
  1.600000000000e-13  74.106946371171  0.000000000000 3911.482443321594  -42942.007318898337  -39030.524875576746 
  1.650000000000e-13  76.200920829286  0.000000000000 4022.005744182743  -43163.121349985857  -39141.115605803112 
  1.700000000000e-13  78.101648541759  0.000000000000 4122.329174588796  -43363.776735447987  -39241.447560859189 
  1.750000000000e-13  79.804378949200  0.000000000000 4212.201992462781  -43543.479175861088  -39331.277183398306 
  1.800000000000e-13  81.312444127808  0.000000000000 4291.800070083821  -43702.588283001227  -39410.788212917403 
  1.850000000000e-13  82.636108839673  0.000000000000 4361.665197913714  -43842.195873028271  -39480.530675114554 
  1.900000000000e-13  83.791346569219  0.000000000000 4422.640481854709  -43963.996510390942  -39541.356028536233 
  1.950000000000e-13  84.798582914842  0.000000000000 4475.804017462353  -44070.154639424632  -39594.350621962280 
  2.000000000000e-13  85.681442687921  0.000000000000 4522.402759839592  -44163.172117165683  -39640.769357326091 
  2.050000000000e-13  86.465535089821  0.000000000000 4563.788403347469  -44245.759763352195  -39681.971360004725 
  2.100000000000e-13  87.177310885243  0.000000000000 4601.357061397838  -44320.716509113372  -39719.359447715535 
  2.150000000000e-13  87.843024816967  0.000000000000 4636.494501053890  -44390.819666508964  -39754.325165455070 
  2.200000000000e-13  88.487834052888  0.000000000000 4670.528557631608  -44458.729590091985  -39788.201032460376 
  2.250000000000e-13  89.135058166616  0.000000000000 4704.690075299045  -44526.911445982914  -39822.221370683867 
  2.300000000000e-13  89.805617710018  0.000000000000 4740.083274042955  -44597.575908947962  -39857.492634905007 
  2.350000000000e-13  90.517657388620  0.000000000000 4777.665860267057  -44672.639431982680  -39894.973571715622 
  2.400000000000e-13  91.286347543671  0.000000000000 4818.238548700027  -44753.703420293867  -39935.464871593838 
  2.450000000000e-13  92.123845899985  0.000000000000 4862.443043385697  -44842.050388359756  -39979.607344974058 
  2.500000000000e-13  93.039392172149  0.000000000000 4910.767031148977  -44938.654180141777  -40027.887148992799 
  2.550000000000e-13  94.039502479334  0.000000000000 4963.554443119083  -45044.200732717094  -40080.646289598008 
  2.600000000000e-13  95.128229185532  0.000000000000 5021.019169509766  -45159.115724739546  -40138.096555229778 
  2.650000000000e-13  96.307454512549  0.000000000000 5083.260556980311  -45283.595746487212  -40200.335189506899 
  2.700000000000e-13  97.577192101806  0.000000000000 5150.279325546599  -45417.640254245787  -40267.360928699185 
  2.750000000000e-13  98.935878161493  0.000000000000 5221.992935790847  -45561.082371476376  -40339.089435685528 
  2.800000000000e-13  100.380641270778  0.000000000000 5298.249829556530  -45713.617394778965  -40415.367565222434 
  2.850000000000e-13  101.907545871780  0.000000000000 5378.842281842093  -45874.828497758150  -40495.986215916055 
  2.900000000000e-13  103.511808142451  0.000000000000 5463.517794914522  -46044.209511692708  -40580.691716778187 
  2.950000000000e-13  105.187984386660  0.000000000000 5551.989041837873  -46221.184807219659  -40669.195765381788 
  3.000000000000e-13  106.930132182400  0.000000000000 5643.942372131300  -46405.126302839737  -40761.183930708437 
  3.050000000000e-13  108.731944488672  0.000000000000 5739.044890144190  -46595.367614992661  -40856.322724848469 
  3.100000000000e-13  110.586857600403  0.000000000000 5836.950153087877  -46791.215436101120  -40954.265283013243 
  3.150000000000e-13  112.488135418789  0.000000000000 5937.302618958564  -46991.958397642651  -41054.655778684086 
  3.200000000000e-13  114.428934477854  0.000000000000 6039.741078742430  -47196.873889606861  -41157.132810864430 
  3.250000000000e-13  116.402355781729  0.000000000000 6143.901392469614  -47405.233482598167  -41261.332090128555 
  3.300000000000e-13  118.401490163756  0.000000000000 6249.418883339783  -47616.307669821334  -41366.888786481548 
  3.350000000000e-13  120.419463345873  0.000000000000 6355.930716028323  -47829.370589037426  -41473.439873009105 
  3.400000000000e-13  122.449485263858  0.000000000000 6463.078500150855  -48043.705211959852  -41580.626711808996 
  3.450000000000e-13  124.484905845776  0.000000000000 6570.511234338447  -48258.609234648735  -41688.098000310289 
  3.500000000000e-13  126.519276684781  0.000000000000 6677.888561426197  -48473.401609625587  -41795.513048199391 
  3.550000000000e-13  128.546415344623  84584954.085962697864 6784.884162600183  -48687.429372340463  -41902.545209740281 
  3.600000000000e-13  130.558850346904  0.000000000000 6891.103681352450  -48899.904006743222  -42008.800325390774 
  3.650000000000e-13  132.552373974747  0.000000000000 6996.325027697003  -49110.380674200154  -42114.055646503155 
  3.700000000000e-13  134.521873477391  0.000000000000 7100.278342520350  -49318.319636714303  -42218.041294193950 
  3.750000000000e-13  136.462665745031  0.000000000000 7202.716443842007  -49523.226715295314  -42320.510271453306 
  3.800000000000e-13  138.370477615146  0.000000000000 7303.413787350686  -49724.651251195857  -42421.237463845173 
  3.850000000000e-13  140.241389483035  162250952.506439477205 7402.163490078908  -49922.180184582183  -42520.016694503276 
  3.900000000000e-13  142.066683937567  90489909.180090755224 7498.505433208410  -50114.894178257273  -42616.388745048862 
  3.950000000000e-13  143.848670010389  67247234.100229322910 7592.561491100455  -50303.039067872065  -42710.477576771613 
  4.000000000000e-13  145.583765061633  70315978.067539528012 7684.142566327103  -50486.237947377471  -42802.095381050371 
  4.050000000000e-13  147.265847784618  167389069.399146050215 7772.925566590227  -50663.846306234271  -42890.920739644047 
  4.100000000000e-13  148.889701660567  0.000000000000 7858.635155735623  -50835.313872592043  -42976.678716856419 
  4.150000000000e-13  150.451068796660  0.000000000000 7941.046595411192  -51000.190990585041  -43059.144395173847 
  4.200000000000e-13  151.944360370269  0.000000000000 8019.864898673530  -51157.886762289716  -43138.021863616188 
  4.250000000000e-13  153.363594029078  68692374.876359567046 8094.774307456875  -51307.767836964071  -43212.993529507192 
  4.300000000000e-13  154.702360907961  72339582.474985569715 8165.436551671117  -51449.155636606622  -43283.719084935503 
  4.350000000000e-13  155.956337933112  123012077.210938945413 8231.623452608028  -51581.591419545213  -43349.967966937184 
  4.400000000000e-13  157.121096798191  60231302.437410295010 8293.101277218970  -51704.605306821548  -43411.504029602576 
  4.450000000000e-13  158.188371559277  214194537.325083106756 8349.433735842778  -51817.322864870657  -43467.889129027877 
  4.500000000000e-13  159.155043318584  243095590.363412976265 8400.456208095868  -51919.413299682514  -43518.957091586650 
  4.550000000000e-13  160.019883916436  234654923.172983646393 8446.103869758044  -52010.745804548838  -43564.641934790794 
  4.600000000000e-13  160.782487682461  130316999.805574640632 8486.355308902206  -52091.276065167745  -43604.920756265536 
  4.650000000000e-13  161.441285149039  416698410.037250757217 8521.127686532214  -52160.834178657758  -43639.706492125544 
  4.700000000000e-13  162.001048610678  189391590.724741518497 8550.672891939104  -52219.922055743635  -43669.249163804532 
  4.750000000000e-13  162.469896620965  223901740.351146191359 8575.419435287900  -52269.394802055089  -43693.975366767190 
  4.800000000000e-13  162.852402219648  131682038.916077733040 8595.608688886728  -52309.737381020168  -43714.128692133439 
  4.850000000000e-13  163.157024764693  92528517.619795873761 8611.687151097498  -52341.849382265355  -43730.162231167858 
  4.900000000000e-13  163.399151818492  110139263.657977014780 8624.467001926081  -52367.361862165599  -43742.894860239518 
  4.950000000000e-13  163.589672246085  162480427.421334505081 8634.522972980289  -52387.434617795654  -43752.911644815365 
  5.000000000000e-13  163.737570032686  196293930.084004670382 8642.329253282251  -52403.023787919788  -43760.694534637536 
  5.050000000000e-13  163.853415135540  396916454.107275485992 8648.443741979283  -52415.249637664376  -43766.805895685095 
  5.100000000000e-13  163.945615090295  350422768.417440652847 8653.310202169047  -52424.998323875101  -43771.688121706058 
  5.150000000000e-13  164.017238865141  342394933.444770514965 8657.090618871587  -52432.586796111944  -43775.496177240355 
  5.200000000000e-13  164.063132654064  153753813.750827044249 8659.512966012020  -52437.462260281412  -43777.949294269391 
  5.250000000000e-13  164.085863605475  452235516.149869203568 8660.712741764737  -52439.887664424510  -43779.174922659775 
  5.300000000000e-13  164.081537985552  209607341.449651867151 8660.484428668420  -52439.449557829001  -43778.965129160584 
  5.350000000000e-13  164.050166446624  171667742.973525851965 8658.828588969918  -52436.145369570244  -43777.316780600326 
  5.400000000000e-13  163.992157800403  53172580.423817731440 8655.766800401276  -52430.020812562958  -43774.254012161684 
  5.450000000000e-13  163.910433270290  55978473.921365275979 8651.453249777807  -52421.388125064535  -43769.934875286730 
  5.500000000000e-13  163.808041823004  140846457.776858747005 8646.048866410018  -52410.575818647027  -43764.526952237007 
  5.550000000000e-13  163.690015563190  322281155.507339715958 8639.819252781086  -52398.121166087709  -43758.301913306626 
  5.600000000000e-13  163.559380255320  134607107.653973132372 8632.924113550092  -52384.348111409723  -43751.423997859631 
  5.650000000000e-13  163.414359581900  168593919.823855370283 8625.269691855805  -52369.066411113767  -43743.796719257960 
  5.700000000000e-13  163.253233713955  212262062.715923309326 8616.765212390768  -52352.089165878358  -43735.323953487590 
  5.750000000000e-13  163.070090688803  222860646.874537765980 8607.098632365825  -52332.784172181535  -43725.685539815706 
  5.800000000000e-13  162.859426743980  274135161.208770990372 8595.979454448428  -52310.565945372189  -43714.586490923757 
  5.850000000000e-13  162.623892297835  111868566.499650135636 8583.547571932597  -52285.705997876437  -43702.158425943839 
  5.900000000000e-13  162.365305782975  330708377.945324540138 8569.898964582208  -52258.395067566002  -43688.496102983794 
  5.950000000000e-13  162.082820115460  220954950.284010380507 8554.988921960288  -52228.549924448125  -43673.561002487841 
  6.000000000000e-13  161.784426167151  294547436.057425737381 8539.239214987372  -52197.016878166476  -43657.777663179106 
  6.050000000000e-13  161.474239200035  352728984.205772101879 8522.867053733511  -52164.238311913068  -43641.371258179555 
  6.100000000000e-13  161.162857134056  334578335.586006879807 8506.431813261666  -52131.337841617293  -43624.906028355625 
  6.150000000000e-13  160.858511570131  216604012.402976900339 8490.367970554813  -52099.186596487474  -43608.818625932661 
  6.200000000000e-13  160.562290921421  477540210.646083235741 8474.732973789787  -52067.900494909307  -43593.167521119518 
  6.250000000000e-13  160.277817866595  377117442.113719046116 8459.718033706054  -52037.862548328056  -43578.144514621999 
  6.300000000000e-13  160.005132573872  494751240.070915997028 8445.325270446116  -52009.080370082709  -43563.755099636590 
  6.350000000000e-13  159.754838899612  336756506.520516991615 8432.114372406397  -51982.669710708185  -43550.555338301790 
  6.400000000000e-13  159.520614982301  274860696.529353141785 8419.751661685879  -51957.962110992958  -43538.210449307080 
  6.450000000000e-13  159.301385539143  224051633.403133243322 8408.180383149111  -51934.838870554238  -43526.658487405126 
  6.500000000000e-13  159.093631334134  288398599.030764102936 8397.214785924947  -51912.923484166728  -43515.708698241782 
  6.550000000000e-13  158.901579448665  350699658.372985124588 8387.077982089348  -51892.657256868646  -43505.579274779302 
  6.600000000000e-13  158.719354937686  398465978.525802433491 8377.459882702722  -51873.419247589285  -43495.959364886563 
  6.650000000000e-13  158.550678686485  388006589.164472639561 8368.556882005940  -51855.604020369850  -43487.047138363909 
  6.700000000000e-13  158.396543871498  181977768.811601102352 8360.421401430285  -51839.321171128802  -43478.899769698517 
  6.750000000000e-13  158.254183316768  191719133.690654277802 8352.907385029477  -51824.285610618412  -43471.378225588938 
  6.800000000000e-13  158.125685047275  330334432.036169052124 8346.125042081458  -51810.725113067841  -43464.600070986387 
  6.850000000000e-13  158.010308007079  256416710.322084903717 8340.035258475640  -51798.566209390170  -43458.530950914530 
  6.900000000000e-13  157.904205177099  418975238.280684292316 8334.434982428949  -51787.400695311902  -43452.965712882957 
  6.950000000000e-13  157.805652722724  335896460.646251797676 8329.233227210190  -51777.041189793104  -43447.807962582912 
  7.000000000000e-13  157.704073101446  170632377.089170485735 8323.871693309704  -51766.361890891036  -43442.490197581334 
  7.050000000000e-13  157.592699534779  115479066.378647044301 8317.993219401411  -51754.637117855447  -43436.643898454036 
  7.100000000000e-13  157.463180013915  404911630.306633770466 8311.156973182491  -51740.976327056575  -43429.819353874082 
  7.150000000000e-13  157.313189000338  298214972.001902520657 8303.240209032918  -51725.135049160788  -43421.894840127869 
  7.200000000000e-13  157.134321081467  114305447.979648321867 8293.799275914043  -51706.225004536987  -43412.425728622940 
  7.250000000000e-13  156.941891739987  192132847.616218864918 8283.642549350076  -51685.865552214127  -43402.223002864048 
  7.300000000000e-13  156.743858899402  157830281.329461812973 8273.190061195100  -51664.904807658233  -43391.714746463134 
  7.350000000000e-13  156.542066627631  150661450.905310899019 8262.539144285394  -51643.547429988714  -43381.008285703319 
  7.400000000000e-13  156.345418466324  219239162.680625915527 8252.159741703992  -51622.739668121336  -43370.579926417340 
  7.450000000000e-13  156.156302917305  210942437.027439534664 8242.177922374389  -51602.737659338207  -43360.559736963820 
  7.500000000000e-13  155.979298816752  119888289.030733823776 8232.835364549332  -51584.026176040541  -43351.190811491208 
  7.550000000000e-13  155.822257065822  108974002.472818821669 8224.546451273172  -51567.432335914433  -43342.885884641262 
  7.600000000000e-13  155.683812262376  421392641.942836046219 8217.239114450358  -51552.810016500523  -43335.570902050167 
  7.650000000000e-13  155.568752630202  198459710.322982251644 8211.166084144525  -51540.660491140690  -43329.494406996164 
  7.700000000000e-13  155.479582343715  369652861.213839709759 8206.459534662468  -51531.244919171746  -43324.785384509276 
  7.750000000000e-13  155.414508265383  111079761.009268492460 8203.024821354533  -51524.373826752519  -43321.349005397984 
  7.800000000000e-13  155.368475213371  150977281.150765776634 8200.595123686868  -51519.512729314934  -43318.917605628070 
  7.850000000000e-13  155.347512874348  60143678.528047420084 8199.488698107667  -51517.301621156665  -43317.812923049001 
  7.900000000000e-13  155.346453357318  301976203.140115082264 8199.432775114432  -51517.196636792738  -43317.763861678308 
  7.950000000000e-13  155.361208083447  155822245.376061588526 8200.211553016312  -51518.767414516391  -43318.555861500077 
  8.000000000000e-13  155.388876736552  0.000000000000 8201.671948514309  -51521.704688067686  -43320.032739553375 
  8.050000000000e-13  155.427324208671  312624517.829832673073 8203.701267215849  -51525.778960347656  -43322.077693131811 
  8.100000000000e-13  155.476656007691  129976258.294086694717 8206.305077994873  -51530.997969510259  -43324.692891515384 
  8.150000000000e-13  155.532758777193  81741309.609780892730 8209.266271360328  -51536.925640172529  -43327.659368812201 
  8.200000000000e-13  155.584567502661  109403403.190347045660 8212.000818255068  -51542.394812288054  -43330.393994032987 
  8.250000000000e-13  155.640091817612  246778744.267116904259 8214.931479869712  -51548.251556786527  -43333.320076916818 
  8.300000000000e-13  155.702939533593  321509983.821305036545 8218.248682233338  -51554.879405805914  -43336.630723572576 
  8.350000000000e-13  155.754849846627  74322164.481972947717 8220.988591081323  -51560.352801972615  -43339.364210891290 
  8.400000000000e-13  155.809033329996  255174203.089129090309 8223.848481473475  -51566.069885781733  -43342.221404308257 
  8.450000000000e-13  155.862378123909  212840463.359034478664 8226.664104502745  -51571.703122052728  -43345.039017549985 
  8.500000000000e-13  155.919456284317  181636284.394267320633 8229.676780550886  -51577.737614072314  -43348.060833521427 
  8.550000000000e-13  155.974390543396  164925209.743627011776 8232.576298078558  -51583.553048833608  -43350.976750755050 
  8.600000000000e-13  156.020961278959  204159977.793152362108 8235.034375538846  -51588.490634336500  -43353.456258797654 
  8.650000000000e-13  156.058960702920  218130374.385632634163 8237.040045546284  -51592.525144209620  -43355.485098663339 
  8.700000000000e-13  156.077442173756  166824611.501650512218 8238.015526958518  -51594.498767102195  -43356.483240143680 
  8.750000000000e-13  156.083353467782  258228709.903230130672 8238.327534454895  -51595.141074903906  -43356.813540449009 
  8.800000000000e-13  156.070674507512  163698268.532588988543 8237.658318775060  -51593.815346977659  -43356.157028202600 
  8.850000000000e-13  156.041787641772  223462769.506865113974 8236.133624077487  -51590.771102788756  -43354.637478711273 
  8.900000000000e-13  155.986848468198  108581163.541990906000 8233.233847154972  -51584.968405562591  -43351.734558407617 
  8.950000000000e-13  155.908819506109  81989636.581871256232 8229.115354486898  -51576.720606449016  -43347.605251962115 
  9.000000000000e-13  155.812878512392  165819947.794488906860 8224.051436313321  -51566.574562126749  -43342.523125813430 
  9.050000000000e-13  155.703620756450  222065613.383385837078 8218.284638258741  -51555.017254301812  -43336.732616043068 
  9.100000000000e-13  155.585039876717  355108443.386014282703 8212.025750908722  -51542.471757626605  -43330.446006717881 
  9.150000000000e-13  155.457696618299  269936923.178283870220 8205.304371281472  -51529.000454585766  -43323.696083304298 
  9.200000000000e-13  155.324300945148  188491582.265463322401 8198.263535582610  -51514.891302641496  -43316.627767058890 
  9.250000000000e-13  155.189561598215  331460155.998011827469 8191.151778645376  -51500.644291500517  -43309.492512855140 
  9.300000000000e-13  155.054745936268  212465349.622394800186 8184.035993680380  -51486.395240682185  -43302.359247001805 
  9.350000000000e-13  154.920075387924  331900785.582750976086 8176.927868042028  -51472.168940919975  -43295.241072877951 
  9.400000000000e-13  154.786583536365  62961422.436313450336 8169.881955893845  -51458.075125785610  -43288.193169891761 
  9.450000000000e-13  154.658331375402  129784014.204788357019 8163.112602945333  -51444.539506298926  -43281.426903353597 
  9.500000000000e-13  154.533288799349  326900782.542314112186 8156.512656990845  -51431.344532456031  -43274.831875465185 
  9.550000000000e-13  154.411205637546  252692794.320514261723 8150.068913625378  -51418.460872310250  -43268.391958684871 
  9.600000000000e-13  154.291796364720  146653865.965050756931 8143.766302370951  -51405.856388222732  -43262.090085851778 
  9.650000000000e-13  154.173675569049  248032461.432221770287 8137.531698989161  -51393.384396855326  -43255.852697866168 
  9.700000000000e-13  154.060076992993  204875712.087511837482 8131.535785548052  -51381.386495131803  -43249.850709583749 
  9.750000000000e-13  153.940942352971  230300336.158648043871 8125.247669849610  -51368.801365967025  -43243.553696117415 
  9.800000000000e-13  153.823309709964  250083463.130413115025 8119.038831941520  -51356.374674095227  -43237.335842153705 
  9.850000000000e-13  153.710506806200  155237625.911177754402 8113.084915348870  -51344.458825268091  -43231.373909919224 
  9.900000000000e-13  153.604228782083  106129869.104439198971 8107.475392277176  -51333.234221445637  -43225.758829168459 
  9.950000000000e-13  153.500419505534  141790447.352819412947 8101.996173626832  -51322.272427668642  -43220.276254041812 
  1.000000000000e-12  153.398840914513  157203191.800259351730 8096.634694104986  -51311.547552756252  -43214.912858651267 
