  time (s)              T(t) (K)              P(t) (Pa)           Kinetic En. (n.u.)     Potential En. (n.u.) Total En. (n.u.)
  0.000000000000e+00  99.683935201555  0.000000000000 5261.476575612522  -45644.502929827286  -40383.026354214766 
  5.000000000000e-15  98.824334077087  0.000000000000 5216.105461685181  -45553.665735072049  -40337.560273386865 
  1.000000000000e-14  97.416572223957  0.000000000000 5141.801553043238  -45404.906722537315  -40263.105169494076 
  1.500000000000e-14  95.485449034754  0.000000000000 5039.873801053223  -45200.840443163819  -40160.966642110594 
  2.000000000000e-14  93.065562627534  0.000000000000 4912.148349389521  -44945.115037174844  -40032.966687785323 
  2.500000000000e-14  90.201760241349  0.000000000000 4760.992306626670  -44642.460528069962  -39881.468221443291 
  3.000000000000e-14  86.949557596925  0.000000000000 4589.335880762422  -44298.734081051567  -39709.398200289143 
  3.500000000000e-14  83.375387960629  0.000000000000 4400.685525210038  -43920.947514826708  -39520.261989616673 
  4.000000000000e-14  79.556511505772  0.000000000000 4199.119154743595  -43517.259121540505  -39318.139966796909 
  4.500000000000e-14  75.580395351313  0.000000000000 3989.253422955424  -43096.909637967445  -39107.656215012023 
  5.000000000000e-14  71.543374999667  0.000000000000 3776.173070815306  -42670.082152814342  -38893.909081999038 
  5.500000000000e-14  67.548441234632  0.000000000000 3565.314115625065  -42247.669169560308  -38682.355053935244 
  6.000000000000e-14  63.702073511631  0.000000000000 3362.296712320868  -41840.938136437922  -38478.641424117057 
  6.500000000000e-14  60.110164583561  0.000000000000 3172.710048747000  -41461.099883426781  -38288.389834679780 
  7.000000000000e-14  56.873240877020  0.000000000000 3001.860069514390  -41118.801472067011  -38116.941402552620 
  7.500000000000e-14  54.081351025327  0.000000000000 2854.499684647263  -40823.583000318104  -37969.083315670840 
  8.000000000000e-14  51.809129070427  0.000000000000 2734.568197531259  -40583.352396744049  -37848.784199212787 
  8.500000000000e-14  50.111595196687  0.000000000000 2644.969660967334  -40403.938411653595  -37758.968750686261 
  9.000000000000e-14  49.021206778574  0.000000000000 2587.417226779985  -40288.776723247989  -37701.359496468001 
  9.500000000000e-14  48.546517227733  0.000000000000 2562.362357633939  -40238.767425997888  -37676.405068363951 
  1.000000000000e-13  48.672573741166  0.000000000000 2569.015820815239  -40252.317850524887  -37683.302029709645 
  1.050000000000e-13  49.362942985210  0.000000000000 2605.454607052137  -40325.558689273486  -37720.104082221347 
  1.100000000000e-13  50.563052027095  0.000000000000 2668.798270193963  -40452.699831009661  -37783.901560815699 
  1.150000000000e-13  52.204408149818  0.000000000000 2755.431655748843  -40626.479183004900  -37871.047527256058 
  1.200000000000e-13  54.209226244546  0.000000000000 2861.249142011302  -40838.654180963014  -37977.405038951714 
  1.250000000000e-13  56.495033086548  0.000000000000 2981.897661065574  -41080.490179845830  -38098.592518780257 
  1.300000000000e-13  58.978907325701  0.000000000000 3113.000492225351  -41343.209583672397  -38230.209091447046 
  1.350000000000e-13  61.581123659373  0.000000000000 3250.349607271868  -41618.377313136778  -38368.027705864908 
  1.400000000000e-13  64.228076265547  0.000000000000 3390.059973901978  -41898.209563424709  -38508.149589522734 
  1.450000000000e-13  66.854445844248  0.000000000000 3528.683935619566  -42175.802264506936  -38647.118328887373 
  1.500000000000e-13  69.404640586423  0.000000000000 3663.287268363906  -42445.282614795615  -38781.995346431708 
  1.550000000000e-13  71.833584121278  0.000000000000 3791.490769623018  -42701.891541297708  -38910.400771674693 
  1.600000000000e-13  74.106946371171  0.000000000000 3911.482443321593  -42942.007318902477  -39030.524875580886 
  1.650000000000e-13  76.200920829286  0.000000000000 4022.005744182741  -43163.121349984860  -39141.115605802115 
  1.700000000000e-13  78.101648541759  0.000000000000 4122.329174588796  -43363.776735448097  -39241.447560859298 
  1.750000000000e-13  79.804378949200  0.000000000000 4212.201992462782  -43543.479175864850  -39331.277183402068 
  1.800000000000e-13  81.312444127808  0.000000000000 4291.800070083823  -43702.588283003868  -39410.788212920044 
  1.850000000000e-13  82.636108839673  0.000000000000 4361.665197913715  -43842.195873028300  -39480.530675114584 
  1.900000000000e-13  83.791346569219  0.000000000000 4422.640481854707  -43963.996510388213  -39541.356028533504 
  1.950000000000e-13  84.798582914842  0.000000000000 4475.804017462351  -44070.154639422748  -39594.350621960395 
  2.000000000000e-13  85.681442687921  0.000000000000 4522.402759839591  -44163.172117160713  -39640.769357321122 
  2.050000000000e-13  86.465535089821  0.000000000000 4563.788403347467  -44245.759763349408  -39681.971360001939 
  2.100000000000e-13  87.177310885243  0.000000000000 4601.357061397837  -44320.716509112288  -39719.359447714451 
  2.150000000000e-13  87.843024816967  0.000000000000 4636.494501053894  -44390.819666513889  -39754.325165459995 
  2.200000000000e-13  88.487834052888  0.000000000000 4670.528557631608  -44458.729590093586  -39788.201032461977 
  2.250000000000e-13  89.135058166616  0.000000000000 4704.690075299044  -44526.911445983715  -39822.221370684667 
  2.300000000000e-13  89.805617710018  0.000000000000 4740.083274042953  -44597.575908948318  -39857.492634905364 
  2.350000000000e-13  90.517657388620  0.000000000000 4777.665860267058  -44672.639431986165  -39894.973571719107 
  2.400000000000e-13  91.286347543671  0.000000000000 4818.238548700030  -44753.703420291073  -39935.464871591044 
  2.450000000000e-13  92.123845899985  0.000000000000 4862.443043385694  -44842.050388358424  -39979.607344972726 
  2.500000000000e-13  93.039392172149  0.000000000000 4910.767031148978  -44938.654180141741  -40027.887148992762 
  2.550000000000e-13  94.039502479334  0.000000000000 4963.554443119085  -45044.200732715966  -40080.646289596880 
  2.600000000000e-13  95.128229185532  0.000000000000 5021.019169509767  -45159.115724741438  -40138.096555231670 
  2.650000000000e-13  96.307454512549  0.000000000000 5083.260556980311  -45283.595746489373  -40200.335189509060 
  2.700000000000e-13  97.577192101806  0.000000000000 5150.279325546599  -45417.640254247817  -40267.360928701222 
  2.750000000000e-13  98.935878161493  0.000000000000 5221.992935790848  -45561.082371480210  -40339.089435689362 
  2.800000000000e-13  100.380641270778  0.000000000000 5298.249829556528  -45713.617394778958  -40415.367565222426 
  2.850000000000e-13  101.907545871780  0.000000000000 5378.842281842092  -45874.828497758572  -40495.986215916477 
  2.900000000000e-13  103.511808142450  0.000000000000 5463.517794914519  -46044.209511697976  -40580.691716783454 
  2.950000000000e-13  105.187984386660  0.000000000000 5551.989041837876  -46221.184807218066  -40669.195765380187 
  3.000000000000e-13  106.930132182400  0.000000000000 5643.942372131303  -46405.126302837714  -40761.183930706407 
  3.050000000000e-13  108.731944488672  0.000000000000 5739.044890144191  -46595.367614991999  -40856.322724847807 
  3.100000000000e-13  110.586857600403  0.000000000000 5836.950153087875  -46791.215436104678  -40954.265283016801 
  3.150000000000e-13  112.488135418789  0.000000000000 5937.302618958564  -46991.958397639261  -41054.655778680695 
  3.200000000000e-13  114.428934477854  0.000000000000 6039.741078742430  -47196.873889606708  -41157.132810864277 
  3.250000000000e-13  116.402355781729  0.000000000000 6143.901392469618  -47405.233482595460  -41261.332090125841 
  3.300000000000e-13  118.401490163756  0.000000000000 6249.418883339788  -47616.307669821326  -41366.888786481541 
  3.350000000000e-13  120.419463345873  0.000000000000 6355.930716028332  -47829.370589037659  -41473.439873009323 
  3.400000000000e-13  122.449485263858  0.000000000000 6463.078500150856  -48043.705211957145  -41580.626711806290 
  3.450000000000e-13  124.484905845776  0.000000000000 6570.511234338450  -48258.609234646065  -41688.098000307611 
  3.500000000000e-13  126.519276684781  0.000000000000 6677.888561426197  -48473.401609624998  -41795.513048198802 
  3.550000000000e-13  128.546415344623  84584954.085962668061 6784.884162600181  -48687.429372339757  -41902.545209739576 
  3.600000000000e-13  130.558850346904  0.000000000000 6891.103681352452  -48899.904006745353  -42008.800325392898 
  3.650000000000e-13  132.552373974748  0.000000000000 6996.325027697007  -49110.380674197419  -42114.055646500412 
  3.700000000000e-13  134.521873477391  0.000000000000 7100.278342520352  -49318.319636717926  -42218.041294197574 
  3.750000000000e-13  136.462665745031  0.000000000000 7202.716443842002  -49523.226715298813  -42320.510271456813 
  3.800000000000e-13  138.370477615146  0.000000000000 7303.413787350691  -49724.651251195392  -42421.237463844700 
  3.850000000000e-13  140.241389483035  162250952.506439745426 7402.163490078909  -49922.180184582947  -42520.016694504040 
  3.900000000000e-13  142.066683937567  90489909.180090740323 7498.505433208416  -50114.894178257644  -42616.388745049226 
  3.950000000000e-13  143.848670010389  67247234.100229367614 7592.561491100452  -50303.039067868478  -42710.477576768026 
  4.000000000000e-13  145.583765061633  70315978.067539259791 7684.142566327108  -50486.237947380825  -42802.095381053718 
  4.050000000000e-13  147.265847784618  167389069.399146199226 7772.925566590227  -50663.846306234605  -42890.920739644382 
  4.100000000000e-13  148.889701660567  0.000000000000 7858.635155735621  -50835.313872593892  -42976.678716858267 
  4.150000000000e-13  150.451068796660  0.000000000000 7941.046595411192  -51000.190990586452  -43059.144395175259 
  4.200000000000e-13  151.944360370269  0.000000000000 8019.864898673534  -51157.886762288967  -43138.021863615431 
  4.250000000000e-13  153.363594029078  68692374.876359581947 8094.774307456875  -51307.767836962194  -43212.993529505315 
  4.300000000000e-13  154.702360907961  72339582.474985525012 8165.436551671114  -51449.155636607931  -43283.719084936820 
  4.350000000000e-13  155.956337933112  123012077.210938811302 8231.623452608037  -51581.591419542863  -43349.967966934826 
  4.400000000000e-13  157.121096798191  60231302.437410309911 8293.101277218973  -51704.605306823833  -43411.504029604861 
  4.450000000000e-13  158.188371559277  214194537.325082898140 8349.433735842782  -51817.322864871094  -43467.889129028314 
  4.500000000000e-13  159.155043318584  243095590.363412886858 8400.456208095871  -51919.413299683867  -43518.957091587996 
  4.550000000000e-13  160.019883916436  234654923.172983795404 8446.103869758041  -52010.745804549100  -43564.641934791056 
  4.600000000000e-13  160.782487682461  130316999.805574670434 8486.355308902210  -52091.276065172722  -43604.920756270512 
  4.650000000000e-13  161.441285149039  416698410.037251532078 8521.127686532218  -52160.834178658406  -43639.706492126192 
  4.700000000000e-13  162.001048610678  189391590.724741339684 8550.672891939103  -52219.922055744129  -43669.249163805027 
  4.750000000000e-13  162.469896620965  223901740.351146191359 8575.419435287899  -52269.394802048562  -43693.975366760664 
  4.800000000000e-13  162.852402219648  131682038.916077747941 8595.608688886725  -52309.737381020721  -43714.128692133992 
  4.850000000000e-13  163.157024764693  92528517.619795948267 8611.687151097502  -52341.849382264023  -43730.162231166520 
  4.900000000000e-13  163.399151818491  110139263.657976895571 8624.467001926078  -52367.361862163634  -43742.894860237560 
  4.950000000000e-13  163.589672246085  162480427.421334326267 8634.522972980292  -52387.434617796156  -43752.911644815860 
  5.000000000000e-13  163.737570032685  196293930.084004700184 8642.329253282245  -52403.023787920698  -43760.694534638453 
  5.050000000000e-13  163.853415135540  396916454.107275485992 8648.443741979283  -52415.249637666369  -43766.805895687088 
  5.100000000000e-13  163.945615090295  350422768.417440712452 8653.310202169056  -52424.998323871863  -43771.688121702806 
  5.150000000000e-13  164.017238865141  342394933.444770395756 8657.090618871587  -52432.586796115582  -43775.496177243993 
  5.200000000000e-13  164.063132654064  153753813.750827103853 8659.512966012016  -52437.462260282300  -43777.949294270285 
  5.250000000000e-13  164.085863605475  452235516.149868011475 8660.712741764737  -52439.887664423062  -43779.174922658327 
  5.300000000000e-13  164.081537985552  209607341.449652045965 8660.484428668429  -52439.449557829423  -43778.965129160992 
  5.350000000000e-13  164.050166446624  171667742.973526865244 8658.828588969925  -52436.145369571743  -43777.316780601817 
  5.400000000000e-13  163.992157800403  53172580.423818111420 8655.766800401283  -52430.020812565555  -43774.254012164274 
  5.450000000000e-13  163.910433270290  55978473.921365275979 8651.453249777804  -52421.388125068333  -43769.934875290528 
  5.500000000000e-13  163.808041823004  140846457.776858896017 8646.048866410021  -52410.575818651865  -43764.526952241846 
  5.550000000000e-13  163.690015563191  322281155.507339775562 8639.819252781090  -52398.121166085592  -43758.301913304502 
  5.600000000000e-13  163.559380255320  134607107.653973162174 8632.924113550091  -52384.348111408130  -43751.423997858037 
  5.650000000000e-13  163.414359581900  168593919.823855131865 8625.269691855812  -52369.066411117390  -43743.796719261576 
  5.700000000000e-13  163.253233713956  212262062.715923964977 8616.765212390770  -52352.089165883801  -43735.323953493033 
  5.750000000000e-13  163.070090688803  222860646.874537825584 8607.098632365829  -52332.784172179759  -43725.685539813931 
  5.800000000000e-13  162.859426743980  274135161.208771228790 8595.979454448427  -52310.565945373550  -43714.586490925125 
  5.850000000000e-13  162.623892297835  111868566.499650076032 8583.547571932597  -52285.705997873090  -43702.158425940492 
  5.900000000000e-13  162.365305782975  330708377.945324599743 8569.898964582217  -52258.395067564736  -43688.496102982521 
  5.950000000000e-13  162.082820115460  220954950.284010320902 8554.988921960285  -52228.549924450279  -43673.561002489994 
  6.000000000000e-13  161.784426167151  294547436.057425439358 8539.239214987378  -52197.016878171627  -43657.777663184250 
  6.050000000000e-13  161.474239200035  352728984.205771744251 8522.867053733504  -52164.238311904519  -43641.371258171013 
  6.100000000000e-13  161.162857134056  334578335.586006760597 8506.431813261677  -52131.337841616958  -43624.906028355283 
  6.150000000000e-13  160.858511570131  216604012.402976632118 8490.367970554807  -52099.186596492298  -43608.818625937492 
  6.200000000000e-13  160.562290921421  477540210.646083235741 8474.732973789798  -52067.900494916212  -43593.167521126416 
  6.250000000000e-13  160.277817866595  377117442.113719224930 8459.718033706058  -52037.862548332254  -43578.144514626198 
  6.300000000000e-13  160.005132573872  494751240.070915818214 8445.325270446125  -52009.080370078467  -43563.755099632341 
  6.350000000000e-13  159.754838899612  336756506.520517110825 8432.114372406393  -51982.669710700851  -43550.555338294456 
  6.400000000000e-13  159.520614982301  274860696.529353082180 8419.751661685877  -51957.962110991539  -43538.210449305661 
  6.450000000000e-13  159.301385539143  224051633.403133630753 8408.180383149122  -51934.838870560649  -43526.658487411529 
  6.500000000000e-13  159.093631334134  288398599.030763864517 8397.214785924951  -51912.923484165898  -43515.708698240946 
  6.550000000000e-13  158.901579448665  350699658.372984528542 8387.077982089357  -51892.657256868253  -43505.579274778895 
  6.600000000000e-13  158.719354937686  398465978.525801360607 8377.459882702715  -51873.419247589751  -43495.959364887036 
  6.650000000000e-13  158.550678686484  388006589.164473295212 8368.556882005923  -51855.604020365907  -43487.047138359980 
  6.700000000000e-13  158.396543871498  181977768.811601310968 8360.421401430282  -51839.321171130032  -43478.899769699754 
  6.750000000000e-13  158.254183316768  191719133.690654098988 8352.907385029477  -51824.285610625768  -43471.378225596287 
  6.800000000000e-13  158.125685047275  330334432.036168634892 8346.125042081454  -51810.725113071676  -43464.600070990222 
  6.850000000000e-13  158.010308007079  256416710.322084397078 8340.035258475637  -51798.566209388911  -43458.530950913279 
  6.900000000000e-13  157.904205177099  418975238.280683994293 8334.434982428962  -51787.400695316195  -43452.965712887235 
  6.950000000000e-13  157.805652722725  335896460.646252274513 8329.233227210205  -51777.041189790529  -43447.807962580322 
  7.000000000000e-13  157.704073101446  170632377.089170694351 8323.871693309698  -51766.361890898792  -43442.490197589097 
  7.050000000000e-13  157.592699534779  115479066.378647044301 8317.993219401424  -51754.637117856422  -43436.643898454997 
  7.100000000000e-13  157.463180013915  404911630.306636989117 8311.156973182486  -51740.976327059194  -43429.819353876708 
  7.150000000000e-13  157.313189000338  298214972.001902461052 8303.240209032925  -51725.135049166995  -43421.894840134068 
  7.200000000000e-13  157.134321081468  114305447.979648113251 8293.799275914045  -51706.225004535845  -43412.425728621798 
  7.250000000000e-13  156.941891739987  192132847.616218566895 8283.642549350077  -51685.865552212272  -43402.223002862193 
  7.300000000000e-13  156.743858899402  157830281.329461455345 8273.190061195100  -51664.904807655905  -43391.714746460806 
  7.350000000000e-13  156.542066627631  150661450.905310481787 8262.539144285385  -51643.547429994847  -43381.008285709460 
  7.400000000000e-13  156.345418466324  219239162.680626004934 8252.159741703994  -51622.739668121896  -43370.579926417900 
  7.450000000000e-13  156.156302917305  210942437.027440130711 8242.177922374392  -51602.737659339597  -43360.559736965202 
  7.500000000000e-13  155.979298816752  119888289.030733883381 8232.835364549326  -51584.026176044463  -43351.190811495137 
  7.550000000000e-13  155.822257065821  108974002.472820281982 8224.546451273169  -51567.432335914171  -43342.885884641000 
  7.600000000000e-13  155.683812262377  421392641.942836523056 8217.239114450360  -51552.810016497402  -43335.570902047039 
  7.650000000000e-13  155.568752630202  198459710.322982966900 8211.166084144539  -51540.660491140668  -43329.494406996128 
  7.700000000000e-13  155.479582343715  369652861.213836312294 8206.459534662461  -51531.244919167526  -43324.785384505063 
  7.750000000000e-13  155.414508265383  111079761.009270697832 8203.024821354527  -51524.373826757968  -43321.349005403441 
  7.800000000000e-13  155.368475213371  150977281.150765955448 8200.595123686871  -51519.512729316804  -43318.917605629933 
  7.850000000000e-13  155.347512874348  60143678.528047502041 8199.488698107671  -51517.301621152124  -43317.812923044454 
  7.900000000000e-13  155.346453357318  301976203.140117645264 8199.432775114441  -51517.196636787863  -43317.763861673418 
  7.950000000000e-13  155.361208083447  155822245.376061081886 8200.211553016308  -51518.767414518799  -43318.555861502493 
  8.000000000000e-13  155.388876736552  0.000000000000 8201.671948514326  -51521.704688066246  -43320.032739551920 
  8.050000000000e-13  155.427324208672  312624517.829831838608 8203.701267215851  -51525.778960345568  -43322.077693129715 
  8.100000000000e-13  155.476656007691  129976258.294086083770 8206.305077994870  -51530.997969509168  -43324.692891514300 
  8.150000000000e-13  155.532758777193  81741309.609781101346 8209.266271360319  -51536.925640174049  -43327.659368813729 
  8.200000000000e-13  155.584567502660  109403403.190347895026 8212.000818255059  -51542.394812289698  -43330.393994034639 
  8.250000000000e-13  155.640091817612  246778744.267117500305 8214.931479869716  -51548.251556788411  -43333.320076918695 
  8.300000000000e-13  155.702939533593  321509983.821305930614 8218.248682233347  -51554.879405811327  -43336.630723577982 
  8.350000000000e-13  155.754849846627  74322164.481972336769 8220.988591081332  -51560.352801976333  -43339.364210895001 
  8.400000000000e-13  155.809033329996  255174203.089130014181 8223.848481473475  -51566.069885781399  -43342.221404307922 
  8.450000000000e-13  155.862378123909  212840463.359034389257 8226.664104502745  -51571.703122054641  -43345.039017551899 
  8.500000000000e-13  155.919456284317  181636284.394267201424 8229.676780550883  -51577.737614072685  -43348.060833521798 
  8.550000000000e-13  155.974390543396  164925209.743623465300 8232.576298078557  -51583.553048831971  -43350.976750753412 
  8.600000000000e-13  156.020961278959  204159977.793152332306 8235.034375538840  -51588.490634343827  -43353.456258804988 
  8.650000000000e-13  156.058960702920  218130374.385632783175 8237.040045546291  -51592.525144213636  -43355.485098667341 
  8.700000000000e-13  156.077442173756  166824611.501650899649 8238.015526958508  -51594.498767103563  -43356.483240145055 
  8.750000000000e-13  156.083353467783  258228709.903232544661 8238.327534454900  -51595.141074903906  -43356.813540449002 
  8.800000000000e-13  156.070674507512  163698268.532592296600 8237.658318775057  -51593.815346981210  -43356.157028206151 
  8.850000000000e-13  156.041787641772  223462769.506865471601 8236.133624077487  -51590.771102790852  -43354.637478713368 
  8.900000000000e-13  155.986848468198  108581163.541991770267 8233.233847154968  -51584.968405564046  -43351.734558409080 
  8.950000000000e-13  155.908819506109  81989636.581870555878 8229.115354486905  -51576.720606457486  -43347.605251970585 
  9.000000000000e-13  155.812878512392  165819947.794488847256 8224.051436313333  -51566.574562127258  -43342.523125813925 
  9.050000000000e-13  155.703620756450  222065613.383386731148 8218.284638258730  -51555.017254300292  -43336.732616041561 
  9.100000000000e-13  155.585039876717  355108443.386014044285 8212.025750908715  -51542.471757624167  -43330.446006715450 
  9.150000000000e-13  155.457696618299  269936923.178283691406 8205.304371281483  -51529.000454582907  -43323.696083301424 
  9.200000000000e-13  155.324300945148  188491582.265460044146 8198.263535582610  -51514.891302646167  -43316.627767063561 
  9.250000000000e-13  155.189561598215  331460155.998011231422 8191.151778645369  -51500.644291495693  -43309.492512850324 
  9.300000000000e-13  155.054745936269  212465349.622394591570 8184.035993680382  -51486.395240682599  -43302.359247002219 
  9.350000000000e-13  154.920075387924  331900785.582749783993 8176.927868042030  -51472.168940923497  -43295.241072881465 
  9.400000000000e-13  154.786583536365  62961422.436313711107 8169.881955893862  -51458.075125778741  -43288.193169884878 
  9.450000000000e-13  154.658331375402  129784014.204788014293 8163.112602945337  -51444.539506300644  -43281.426903355306 
  9.500000000000e-13  154.533288799349  326900782.542313396931 8156.512656990852  -51431.344532457515  -43274.831875466662 
  9.550000000000e-13  154.411205637546  252692794.320517063141 8150.068913625370  -51418.460872309137  -43268.391958683766 
  9.600000000000e-13  154.291796364720  146653865.965050339699 8143.766302370951  -51405.856388227112  -43262.090085856158 
  9.650000000000e-13  154.173675569048  248032461.432223081589 8137.531698989153  -51393.384396853420  -43255.852697864269 
  9.700000000000e-13  154.060076992993  204875712.087513357401 8131.535785548044  -51381.386495131170  -43249.850709583123 
  9.750000000000e-13  153.940942352971  230300336.158645033836 8125.247669849605  -51368.801365973442  -43243.553696123839 
  9.800000000000e-13  153.823309709964  250083463.130412936211 8119.038831941525  -51356.374674088838  -43237.335842147309 
  9.850000000000e-13  153.710506806200  155237625.911179155111 8113.084915348868  -51344.458825272093  -43231.373909923226 
  9.900000000000e-13  153.604228782083  106129869.104440823197 8107.475392277152  -51333.234221449893  -43225.758829172744 
  9.950000000000e-13  153.500419505534  141790447.352819621563 8101.996173626833  -51322.272427667071  -43220.276254040240 
  1.000000000000e-12  153.398840914513  157203191.800258100033 8096.634694104987  -51311.547552750388  -43214.912858645403 
